poly_library=[[0,96,0,138,44,160,44,224,92,224,92,160,136,138,136,96,136,36,128,24,136,8,136,-64,132,-96,128,-112,116,-128,100,-140,84,-144,68,-146,48,-144,32,-136,20,-124,12,-112,4,-92,0,-64,0,-40,0,-32,4,-4,16,28,0,36
12,108,12,58,16,58,16,102,44,116,44,124
122,102,122,58,126,58,126,104,94,120,94,116
12,-76,20,-100,32,-112,24,-88,24,-60,24,-40,32,4,24,-4,16,-20,12,-32,12,-52]]
part_library=[[flipper,part02,94,117,false,20,0.17,0.16
flipper,part01,44,117,true,20,0.83,-0.15
flipper,part06,135,10,false,20,0.07,0.12
pop bumper,part03,96,-99,8
pop bumper,part04,66,-84,8
pop bumper,part05,95,-64,8]]
spline_library=[[8,-24,-3,-20,7,-69,-2,18:7.7884,14.5648,20.6031,26.1793,31.5677,37.037,42.8487,49.2576|7,-69,2,-18,16,-104,-6,13:6.6311,12.9696,19.0578,24.9409,30.6672,36.2869,41.8509,47.41]]
